## FicTrac config file (build Jun 25 2019)
c2a_cnrs_xy      : { 120, 578, 1168, 574, 1270, 890, 117, 907 }
c2a_cnrs_yz      : { 200, 580, 1208, 581, 1210, 842, 134, 834 }
c2a_r            : { 2.075312, 2.076196, 0.226109 }
c2a_src          : c2a_cnrs_yz
c2a_t            : { 0.046030, 0.188689, 125.037134 }
do_display       : y
max_bad_frames   : -1
opt_bound        : 0.35
opt_do_global    : n
opt_max_err      : -1.000000
opt_max_evals    : 50
opt_tol          : 0.001
out_port         : -1
q_factor         : 8
roi_c            : { 0.000286, 0.000427, 1.000000 }
roi_circ         : { 324, 308, 962, 220, 662, 128, 272, 405, 867, 178, 1130, 594 }
roi_ignr         : { { 3, 2, 1277, 7, 1110, 438, 1079, 367, 1050, 330, 1027, 306, 1008, 284, 980, 263, 958, 245, 932, 225, 906, 205, 878, 190, 836, 175, 800, 165, 759, 156, 715, 156, 672, 157, 634, 161, 608, 165, 572, 172, 528, 189, 505, 201, 477, 216, 443, 234, 432, 241, 417, 253, 397, 268, 377, 287, 351, 315, 335, 338, 317, 359, 300, 389, 288, 414, 276, 448, 268, 470, 262, 487, 259, 498 }, { 201, 1, 249, 559, 259, 658, 274, 732, 180, 827, 4, 892, 4, 5 }, { 271, 721, 312, 761, 368, 784, 455, 799, 525, 807, 621, 813, 710, 812, 796, 808, 904, 790, 989, 779, 1052, 763, 1087, 724, 1272, 1015, 3, 1018, 4, 861 }, { 1098, 437, 1104, 500, 1104, 563, 1094, 657, 1081, 709, 1069, 756, 1269, 1020, 1266, 6 } }
roi_r            : 0.002949
save_debug       : n
save_raw         : n
src_fn           : 0
src_fps          : -1.000000
thr_ratio        : 1.25
thr_win_pc       : 0.25
vfov             : .387
vid_codec        : h264
